0 Source: Rand-Mammy Road .4053. 3591- Edition, Rmd—McNaLly Company: 1962 194 0 
292 195 0 
449 310 215 0 
970 540 330 233 0 
516 357 232 200 211 0 
599 514 434 566 439 991 0 
919 434 493 797 314 642 295 0 
991 997 719 790 532 097 224 320 0 
909 954 955 1020 974 952 541 341 319 0 
975 992 1091 1249 1352 1190 343 539 747 441 0 
954 597 903 1013 1154 1194 709 491 749 034 330 0 
504 509 722 937 1043 309 996 722 1042 954 794 404 0 
279 499 569 725 949 317 974 394 1214 1195 1213 960 452 0 
790 954 1072 1229 1450 1321 1379 1329 1649 1972 1410 1030 520 479 0 
529 944 799 1004 1194 1001 1214 950 1270 1213 1043 932 219 439 419 0 
995 909 917 1132 1239 1055 1113 942 1192 1027 779 473 195 637 934 256 0 
1131 1007 1229 1441 1547 1394 1375 1090 1194 1139 793 911 593 1049 759 924 399 0 
1543 1444 1530 1945 1934 1991 1726 1431 1995 1477 1134 1033 900 1399 1094 997 711 404 0 
1547 1454 1953 193 1994 1911 1979 1594 1779 1932 1297 1053 944 1427 1199 1005 749 442 251 0 
1239 1197 1353 1599 1707 1524 1594 1313 1533 1499 1151 979 914 933 900 525 471 305 512 507 0 
1538 1733 1390 2045 2209 2090 2139 2079 2399 2332 2110 1732 1379 1300 760 1229 1392 1319 1163 930 910 0 
1999 2159 2291 2449 2999 2515 2597 2500 2920 2975 2336 3154 1700 1950 1375 1592 1659 1545 1939 1159 1237 439 0 
1719 1975 2009 2165 2399 2232 2499 2217 2537 2392 2053 1991 1422 1577 1109 1244 1275 1262 1109 373 954 439 293 0 
1590 1733 1972 2029 2250 2095 2352 2091 2401 2259 1917 1745 1299 1473 999 1147 1239 1129 970 737 919 379 419 135 0 
1425 1599 1717 1374 2109 1920 2115 1944 2194 2019 1530 1509 1119 1935 992 913 1002 999 733 500 591 439 655 973 237 0 
1599 1549 1952 2009 2099 1909 2093 1792 2112 1967 1456 1274 1092 1540 1063 1007 944 995 521 292 491 799 994 711 575 359 0 
1919 1744 1993 2173 2294 2101 2174 1979 2071 1992 1562 1349 1239 1722 1259 1300 1944 737 529 295 902 915 1022 739 609 395 545 0 
2095 2102 2357 2514 2642 2459 2929 2355 2975 2530 2191 2019 1973 1905 1492 1570 1507 1320 1109 373 1124 942 715 432 495 533 949 739 0 2254 2131 2329 2441 2971 2499 2419 2123 2437 2259 1929 1715 1909 1924 1451 1599 1411 1104 993 992 1143 1004 991 699 599 599 799 523 260 0 2340 2349 2543 2959 2333 2705 2999 2599 2919 2773 2434 2292 1919 2149 1975 1919 1750 1499 1102 971 1397 1035 359 975 1039 779 1092 992 243 349 0 2247 2327 2539 2099 2997 2694 2351 2530 2900 2755 2419 2244 1929 2130 1957 1795 1732 1545 1334 1103 1349 1014 914 531 1015 750 1047 964 225 497 299 0 2153 2322 2455 2612 2993 2679 2761 2994 2094 2939 2500 2329 1971 2024 1539 1749 1922 1709 1553 1320 1391 593 345 447 593 920 1153 1355 531 947 710 444 o 
12 3 4 5 6 7 5 010111213141519171919 20 212223242529 27 292930313233
